num1=[2,4,6,8,4,5,2,1,9,0,4,6,7,4,3,2,1,9,10,3,7,9,6,0,1,3,5,6,7,8,9,10,2,3,6,8,9,10,6,7,4,3,
2,1,9,10,3,7,9,6,0,1,3,5,6,7,8,9,10,2,3,6,8,9,10,2,4,6,8,4,5,2,1,9,0,4,6,7,4,3,2,1,9,10,3,7,9,6,
4,5,2,1,9,0,4,6,7,4,3,2,1,9,10,3,7,9,6,0,1,3,5,6,7,8,9,10,2,3,6,8,9,10,6,7,4,3,6,8,4,5,2,
10,3,7,9,6,0,1,3,5,6,7,8,9,10,2,3,6,8,9,10,2,4,6,8,4,5,2,1,9,0,4,6,7,4,
2,4,6,8,4,5,2,1,9,0,4,6,7,4,3,2,1,9,10,3,7,9,6];
dict1={};
for num in num1:
    if num in dict1:
        dict1[num]+=1;
    else:
        dict1[num]=1;
        
dict1


import pandas as pd
from matplotlib import pyplot as plt

fig, ax = plt.subplots()

df = pd.DataFrame({'numbers': [2,4,6,8,4,5,2,1,9,0,4,6,7,4,3,2,1,9,10,3,7,9,6,0,1,3,5,6,7,8,9,10,2,3,6,8,9,10,6,7,4,3,
2,1,9,10,3,7,9,6,0,1,3,5,6,7,8,9,10,2,3,6,8,9,10,2,4,6,8,4,5,2,1,9,0,4,6,7,4,3,2,1,9,10,3,7,9,6,
4,5,2,1,9,0,4,6,7,4,3,2,1,9,10,3,7,9,6,0,1,3,5,6,7,8,9,10,2,3,6,8,9,10,6,7,4,3,6,8,4,5,2,
10,3,7,9,6,0,1,3,5,6,7,8,9,10,2,3,6,8,9,10,2,4,6,8,4,5,2,1,9,0,4,6,7,4,
2,4,6,8,4,5,2,1,9,0,4,6,7,4,3,2,1,9,10,3,7,9,6]})
df['numbers'].value_counts().plot(ax=ax, kind='bar', xlabel='numbers', ylabel='frequency')

plt.show()


import json

y = json.dumps(dict1)

print(y)





